10.83
14.48
14.86
17.12
18.87
19.31
20.19
20.64
22.5
23.83
24.29
25.63
26.68
27.07
29.41
29.8
30.29
30.7
31.18
32.55
33.8
35.04
38.53
39.79
42.9
43.29
43.8
44.28
45.36
45.99
46.37
46.74
47.12
47.59
47.97
49.18
50.57
51.83
53.07
53.9
54.33
54.79
55.69
56.24
56.77
59.21
69.38
75.64
78.18
79.38
81.68
82.98
85.72
87.04
87.9
88.33
89.08
90.74
91.13
92.07
92.46
93.99
95.14
99.74
100.98
102.39
103.87
105.55
106.9
108.05
111.64
112.87
115.22
116.11
116.51
117.27
118.44
119.25
119.69
120.45
120.81
121.2
122.59
123.96
125.18
126.43
127.27
127.73
129.11
129.58
130.03
132.65
142.7
148.98
152.74
155.15
156.34
159.15
160.07
160.48
161.29
161.73
162.52
164.07
164.47
164.9
165.34
165.86
167.33
168.54
172.85
175.96
177.35
178.84
179.41
180.4
180.92
181.78
183.15
183.65
184.5
187.85
188.31
189.38
190.29
190.8
191.65
192.2
193.04
194.5
195.01
195.89
198.6
199.06
199.51
200.49
202.11
203.85
205.09
205.51
205.94
206.34
206.82
208.08
208.5
208.97
209.85
210.28
210.66
211.18
212.73
213.72
215.04
215.55
216.35
216.72
217.61
221.13
222.02
225.24
226.45
226.87
227.31
227.82
228.23
229.87
230.32
231.6
231.98
232.41
234.01
234.93
236.42
236.81
237.62
238.1
238.97
240.22
242.35
242.79
243.22
254.64
257.71
258.59
260.84
261.32
262.57
263.8
264.21
264.7
267.28
267.71
269.68
270.05
272.35
272.85
273.23
273.68
274.1
274.55
275.93
277.25
278.44
281.88
283.2
285.49
286.31
286.72
287.49
288.63
289.78
290.64
291.42
292.66
294.05
295.3
296.53
297.33
297.8
299.2
299.73
300.23
302.85
312.77
317.24
319.15
319.56
321.62
322.84
324.86
326.48
328.75
329.2
330.07
330.47
331.28
331.74
332.5
334.17
334.54
335.03
335.41
335.9
337.54
338.87
342.69
344.44
346.1
347.6
