8.39
14.04
14.48
14.86
17.51
19.31
19.72
20.19
20.64
22.98
23.83
24.29
25.63
27.07
30.29
31.18
33.8
35.04
37.33
38.53
39.79
42.49
42.9
43.8
45.36
46.37
46.74
47.12
47.97
49.18
50.57
51.83
52.66
53.9
54.33
54.79
56.24
56.77
63.45
66.9
78.18
79.75
81.68
82.98
83.78
85.29
85.72
86.63
88.33
89.45
90.74
91.13
92.07
92.46
93.99
95.14
98.05
99.74
100.98
102.39
103.87
105.55
106.9
108.05
110.47
111.64
112.87
113.32
116.11
117.27
118.44
119.69
120.06
120.45
121.2
122.59
123.96
125.18
126.0
127.27
127.73
136.88
140.32
143.31
151.49
153.17
155.15
156.34
156.79
157.2
158.7
159.15
160.07
161.73
162.89
164.07
164.47
164.9
165.34
165.86
167.33
168.54
170.99
171.41
172.85
174.53
175.96
177.35
178.84
179.41
180.4
180.92
181.78
183.15
184.5
187.85
189.38
190.29
190.8
191.65
192.2
193.04
194.5
195.01
195.89
199.06
200.49
203.03
204.6
205.51
206.82
207.68
208.08
208.5
208.97
209.85
210.66
211.18
212.73
213.72
214.21
215.04
216.35
216.72
219.69
222.02
224.4
226.87
228.23
229.01
229.87
230.32
231.6
231.98
232.41
234.01
234.93
235.61
236.42
237.62
238.1
239.85
241.1
242.79
243.22
252.12
257.71
258.59
261.32
262.57
262.94
263.8
264.21
266.46
267.28
267.71
273.23
273.68
274.55
275.93
277.25
278.44
280.69
281.88
283.2
285.94
286.31
288.63
289.78
290.14
290.64
291.42
292.66
294.05
295.3
296.12
297.33
297.8
299.73
310.45
321.62
323.24
326.1
326.48
327.27
329.2
330.07
331.74
332.88
334.17
334.54
335.03
335.41
335.9
337.54
338.87
341.43
342.69
344.44
346.1
347.6
