4.72
5.11
5.51
5.9
6.29
6.67
7.05
7.44
7.82
8.2
8.58
8.96
9.39
11.8
14.19
15.41
15.82
16.64
17.05
17.47
18.8
19.26
22.98
24.56
28.17
29.72
32.13
34.59
37.1
39.84
40.7
44.92
50.18
55.31
56.59
57.04
57.45
57.87
60.6
63.18
64.05
64.49
65.9
68.46
71.25
71.74
72.19
72.61
73.39
73.78
75.07
76.38
76.8
77.62
78.82
80.06
81.43
85.24
86.65
87.12
87.95
89.17
90.4
91.75
94.33
96.99
99.65
102.17
102.59
103.43
103.85
104.75
107.52
110.15
111.54
113.2
118.8
122.53
124.06
126.51
127.75
129.15
132.89
134.32
136.94
138.31
139.83
141.19
142.49
143.74
145.04
146.26
147.56
148.9
150.22
151.07
151.48
152.71
153.97
154.82
155.24
155.64
156.05
156.46
159.06
160.59
161.13
162.78
163.91
164.27
164.71
165.17
165.66
166.09
166.49
167.28
167.66
168.43
168.83
169.23
169.68
170.12
170.64
171.8
172.53
173.28
174.9
175.5
175.91
176.65
177.01
178.8
179.57
180.01
181.18
181.91
182.65
183.03
183.78
184.14
184.52
185.67
187.29
188.17
189.05
189.45
193.02
194.29
198.04
199.38
201.87
204.41
205.24
205.63
206.47
206.98
207.42
209.72
213.56
215.13
218.84
220.36
222.85
225.47
228.1
230.94
236.21
239.96
241.47
243.96
245.19
246.64
249.19
251.85
254.56
257.29
261.14
262.52
263.86
266.33
267.71
271.4
272.74
274.04
276.53
277.94
280.52
283.12
286.75
287.99
289.22
290.42
291.64
292.94
295.36
296.74
298.23
301.1
302.0
303.45
304.09
306.83
308.09
309.66
313.33
314.94
315.75
318.41
319.89
320.37
320.78
321.17
321.93
322.32
322.71
323.65
325.27
328.93
330.36
330.87
331.27
331.68
332.47
332.85
333.26
334.16
335.94
336.45
337.68
338.07
338.47
340.11
340.53
341.04
341.47
342.28
342.71
343.15
343.58
344.01
344.41
344.82
345.24
345.78
346.53
349.81
353.1
