4.72
5.11
5.51
5.9
6.29
6.67
7.05
7.44
7.82
8.2
8.58
8.96
9.39
11.8
12.6
13.77
14.19
14.6
15.41
15.82
16.64
17.05
17.47
19.26
19.68
24.56
28.17
29.72
32.13
34.59
35.45
35.86
36.66
37.1
38.5
38.95
39.84
40.7
41.13
42.36
43.58
44.92
48.64
50.18
55.31
56.59
57.45
57.87
59.19
59.67
60.6
61.89
63.18
64.05
64.49
65.9
66.77
68.05
68.46
71.25
72.19
72.61
73.39
73.78
74.19
74.61
75.07
75.92
76.38
76.8
77.21
77.62
78.82
80.06
81.43
82.31
82.71
83.53
83.92
84.77
85.24
86.16
86.65
87.12
87.54
87.95
89.17
90.4
91.75
92.59
93.0
93.83
94.33
95.19
96.47
96.99
97.91
99.23
99.65
102.17
103.43
104.75
107.52
110.15
111.54
113.2
117.24
118.8
124.06
126.51
127.75
129.15
132.89
134.32
136.94
138.31
139.83
145.04
146.26
147.56
150.22
151.07
152.71
153.55
153.97
155.24
155.64
156.05
156.46
156.87
159.06
159.53
160.59
161.13
163.91
164.27
165.17
165.66
166.49
167.28
167.66
168.83
169.23
169.68
170.12
170.64
173.28
173.66
174.47
174.9
175.5
175.91
177.01
178.44
178.8
179.19
179.57
180.01
180.46
180.83
181.91
183.03
188.17
189.45
193.02
194.29
198.04
199.38
201.87
204.41
204.82
205.63
206.05
206.98
207.42
209.72
210.18
215.13
218.84
220.36
222.85
225.47
226.35
226.78
227.61
228.1
229.47
229.94
230.94
234.67
236.21
241.47
243.96
245.19
246.64
249.19
251.85
254.56
257.29
263.86
266.33
267.71
274.04
276.53
277.94
280.52
283.12
286.75
287.99
289.22
290.42
291.64
292.94
295.36
296.74
298.23
299.75
301.1
304.09
305.14
305.58
306.83
308.09
308.59
309.66
313.33
314.47
314.94
318.41
319.89
321.17
323.65
325.27
328.93
330.36
331.68
334.16
335.94
336.45
338.07
338.47
339.26
340.11
341.04
341.47
342.28
342.71
343.15
343.58
344.01
344.41
344.82
345.24
345.78
346.53
349.81
353.1
