1.96
2.46
3.01
3.88
4.38
4.85
5.33
5.69
6.67
7.62
8.11
8.61
9.15
9.65
10.13
10.55
11.54
12.05
12.53
13.07
13.61
14.15
14.6
15.1
16.11
16.6
17.1
17.66
18.2
19.1
19.6
20.12
20.63
21.14
21.69
22.23
22.73
23.8
24.33
24.87
25.39
25.99
26.48
26.97
27.43
27.91
28.41
28.94
29.44
29.92
30.3
30.82
31.33
31.85
32.3
32.79
33.27
33.77
34.23
34.7
35.22
35.76
36.3
36.94
37.65
38.16
38.68
39.19
39.74
40.32
40.89
41.45
42.43
42.94
43.42
44.45
45.51
46.02
46.52
48.95
49.59
50.26
51.3
52.43
52.8
53.14
53.43
53.79
54.11
54.46
54.79
55.11
55.38
55.72
55.99
56.3
56.62
56.95
57.24
58.13
58.43
58.75
59.35
59.99
60.87
61.2
61.51
62.77
63.04
63.38
63.69
63.95
64.27
64.6
64.89
65.2
65.48
65.78
66.08
66.36
66.63
66.93
67.22
67.52
67.85
68.11
68.42
68.73
68.99
69.24
69.57
69.87
70.15
70.45
70.76
71.03
71.35
71.63
71.91
72.22
72.5
72.79
73.06
73.37
73.61
73.93
74.23
74.59
74.91
75.21
75.56
75.89
76.29
77.4
77.9
78.4
79.25
80.2
81.11
81.98
82.42
82.87
83.7
84.71
85.15
85.6
86.06
86.52
86.95
87.42
88.48
88.98
89.47
89.92
90.37
90.88
91.27
91.76
92.17
92.67
93.13
93.6
94.02
94.49
94.91
95.36
95.87
96.84
97.34
97.86
98.88
99.35
99.82
100.86
101.25
101.41
101.99
102.49
103.03
103.56
104.08
104.63
105.15
107.96
108.59
109.07
109.57
110.06
110.55
111.0
111.5
112.01
112.5
113.0
113.49
113.81
114.47
115.11
115.66
116.09
116.59
117.11
117.76
118.77
119.76
120.64
121.56
122.54
123.47
124.45
125.29
125.76
126.22
128.13
128.64
129.14
130.12
132.06
132.39
132.95
133.53
134.0
134.58
135.53
136.28
136.6
137.25
137.55
138.15
138.92
139.9
140.82
142.14
142.53
143.48
145.27
146.23
147.07
147.5
147.99
148.97
149.81
150.31
150.82
151.85
152.69
153.56
154.53
155.27
156.18
156.51
157.0
157.78
158.8
159.82
160.65
161.49
162.32
162.6
163.19
163.47
163.78
164.07
164.4
164.71
164.93
165.21
165.35
165.5
165.8
166.37
166.68
167.19
167.68
168.63
169.63
170.42
170.68
171.49
171.73
172.47
172.71
173.52
173.78
174.61
174.9
175.68
175.96
176.7
176.95
177.68
177.92
178.73
179.0
179.71
179.87
180.56
180.71
181.37
181.64
182.39
182.65
183.41
183.68
184.45
184.7
185.48
185.74
186.47
186.71
187.45
187.74
188.45
188.68
189.44
189.69
190.37
190.64
191.38
191.63
192.47
192.7
193.42
193.67
194.45
194.72
195.42
195.67
196.41
196.64
197.39
197.67
198.37
198.66
199.45
199.68
200.43
200.67
201.34
201.59
202.33
202.58
203.29
203.51
204.27
204.58
205.31
205.54
206.19
207.38
208.39
209.12
209.34
210.35
211.34
212.08
212.33
213.31
214.04
214.31
215.11
215.36
216.25
217.37
217.92
218.63
218.74
219.18
219.32
219.82
219.96
220.39
220.55
221.0
221.24
221.65
221.8
222.03
222.24
222.45
222.64
222.97
223.06
223.48
223.99
224.19
224.34
224.62
224.66
224.78
225.63
225.94
226.38
226.56
227.21
227.8
228.31
228.45
228.79
229.04
229.38
229.69
230.17
230.32
230.75
231.15
231.42
231.63
231.79
232.0
232.22
232.74
232.91
233.41
233.53
233.98
234.14
234.56
234.71
235.16
235.32
236.0
236.44
237.06
237.2
237.66
237.82
238.26
238.44
238.85
239.61
240.74
241.31
242.49
243.12
244.33
244.78
244.93
245.49
246.37
246.51
246.71
247.18
247.31
247.52
247.71
247.94
248.15
248.51
248.63
249.13
249.29
249.45
249.61
249.81
250.02
250.37
250.47
250.96
251.12
251.73
252.2
252.35
252.93
253.43
253.6
254.03
254.21
254.68
255.44
255.94
256.08
256.61
257.44
258.02
258.16
258.72
258.89
259.52
259.96
260.11
260.75
261.39
262.04
262.51
263.16
263.84
265.21
265.98
266.23
266.89
267.37
268.02
268.17
268.64
268.78
269.32
269.48
269.9
270.04
270.62
271.08
271.24
271.74
271.9
272.43
272.59
273.01
273.18
273.36
273.58
274.45
274.94
275.55
275.71
276.15
276.33
276.8
276.97
277.44
277.63
278.33
279.63
279.87
280.26
280.52
280.95
281.17
281.4
281.65
282.35
282.56
282.78
283.02
283.24
283.46
283.68
283.91
284.13
284.41
284.65
284.9
285.12
285.33
285.55
285.77
286.0
286.27
286.44
286.65
286.86
287.04
287.24
287.45
287.67
287.9
288.34
289.02
289.75
290.45
290.77
291.08
291.82
292.15
292.44
292.78
293.08
293.43
293.74
293.96
294.09
294.22
294.42
294.64
294.74
294.85
295.07
295.53
295.73
295.97
296.08
296.19
296.4
296.62
296.84
297.08
297.32
297.56
297.78
298.28
298.35
298.43
300.36
300.45
300.56
301.55
301.77
301.99
302.21
302.45
303.04
303.21
303.7
303.87
304.34
304.53
305.17
305.35
305.9
306.07
306.67
306.83
307.37
307.55
308.26
308.88
309.07
309.6
309.7
309.79
310.48
310.73
311.03
311.18
311.76
311.91
312.59
313.13
313.31
313.84
314.06
314.89
315.43
315.59
315.95
316.28
316.63
317.0
317.56
317.76
318.8
319.08
319.3
319.52
319.74
319.95
320.5
320.69
321.21
321.38
321.92
322.11
322.61
322.76
323.29
323.49
324.18
324.74
324.82
324.9
325.4
325.58
326.1
326.31
326.82
326.97
327.47
327.66
328.21
328.39
328.93
328.99
329.07
329.57
329.65
329.73
330.27
330.35
330.43
330.99
331.07
331.15
331.71
331.8
331.88
332.37
332.52
332.6
333.41
335.5
336.21
336.43
336.64
336.86
337.47
337.68
337.78
337.88
338.1
338.44
338.79
339.14
339.43
339.77
340.1
340.43
340.76
341.08
341.4
342.12
343.46
343.77
344.1
344.77
345.49
345.81
346.14
346.73
347.04
347.75
348.1
348.4
348.68
349.02
349.34
349.69
350.02
350.37
350.68
351.21
351.58
351.9
352.22
352.54
352.87
353.21
353.93
354.81
355.57
357.09
357.84
358.57
359.34
361.58
363.72
364.49
366.84
368.43
369.28
370.39
370.83
371.72
372.78
373.27
373.71
374.2
374.64
375.5
376.39
377.18
377.99
378.45
378.88
379.39
379.67
380.09
380.46
380.88
381.38
381.83
382.23
382.69
383.09
383.51
384.0
384.82
385.3
386.07
386.51
386.92
387.31
388.18
388.65
389.13
389.58
390.06
391.78
392.7
393.59
393.94
394.36
394.83
395.25
395.55
395.92
396.32
396.67
397.13
397.48
397.9
398.33
398.81
399.31
400.13
400.51
400.98
401.38
403.28
404.13
405.83
406.58
407.95
408.84
409.63
410.56
411.13
411.56
412.06
412.41
412.91
413.26
413.77
414.67
415.43
416.22
417.04
417.77
418.6
419.63
420.22
420.54
420.78
420.95
421.71
422.45
422.72
422.87
423.26
423.68
424.09
424.38
424.82
425.11
425.63
426.03
426.41
427.12
427.97
428.37
428.55
428.85
429.07
429.63
429.97
430.15
430.59
431.39
432.63
432.94
433.25
434.22
435.83
436.67
437.03
438.3
439.19
440.13
440.91
442.9
443.84
445.21
445.56
445.95
446.41
447.24
448.02
448.84
449.69
450.57
451.8
452.85
453.86
454.81
455.8
457.56
458.43
459.15
459.97
460.73
462.38
463.26
464.97
465.9
466.79
467.25
467.68
468.42
469.31
470.06
470.49
470.91
471.63
472.12
472.55
473.36
474.2
475.08
475.9
476.81
477.78
478.83
479.65
479.93
480.48
481.42
482.25
483.06
483.89
484.68
485.55
486.41
487.17
488.0
488.83
489.68
490.54
491.37
492.12
492.53
492.84
493.62
493.97
494.32
494.76
495.19
495.58
496.0
496.74
497.56
498.02
498.4
499.17
499.48
500.06
500.96
501.81
502.75
503.18
504.17
505.24
505.82
506.37
506.82
507.17
507.6
508.1
508.5
508.93
509.34
509.8
510.28
511.11
511.56
512.03
512.89
513.39
513.89
514.79
515.15
515.45
515.75
515.99
516.24
516.49
516.82
517.15
517.43
517.75
518.0
518.28
518.52
518.77
519.06
519.35
519.64
519.98
520.25
520.47
520.74
521.04
521.35
521.66
522.1
522.39
522.65
522.85
523.16
523.47
523.78
524.09
524.39
524.7
525.03
525.35
525.68
525.94
526.2
526.43
526.77
527.07
527.38
527.65
527.92
528.18
528.44
528.74
529.01
529.33
529.65
529.96
530.28
530.55
530.83
531.11
531.36
531.65
531.98
532.28
532.61
532.93
533.25
533.44
533.73
534.28
534.55
535.17
535.46
536.35
537.26
538.09
539.05
539.57
540.01
540.5
540.99
541.58
542.12
542.66
543.25
544.24
545.02
545.77
546.47
547.29
547.9
548.52
549.21
549.93
550.61
551.31
552.02
554.06
554.75
555.36
556.08
556.86
557.63
558.14
558.96
559.66
560.46
561.11
561.85
562.86
563.64
564.17
565.0
565.82
566.64
567.44
569.03
571.58
572.37
573.27
574.05
575.12
576.24
577.36
578.76
582.9
587.43
