4.72
9.39
14.19
15.41
16.64
19.26
22.98
24.56
28.17
29.72
34.59
37.1
39.84
44.92
50.18
55.31
56.59
59.19
60.6
63.18
64.49
65.9
71.25
77.62
78.82
80.06
81.43
87.95
89.17
90.4
91.75
94.33
96.99
102.17
104.75
107.52
110.15
111.54
113.2
117.24
118.8
124.06
126.51
127.75
129.15
132.89
134.32
136.94
138.31
139.83
144.61
145.04
148.02
150.22
152.71
155.24
156.05
160.59
161.6
162.78
163.91
165.17
165.66
170.64
175.5
175.91
177.01
177.72
180.01
180.83
181.91
182.29
187.29
189.45
194.29
199.38
201.87
206.98
209.72
213.56
215.13
218.84
220.36
222.85
225.47
228.1
230.94
236.21
239.96
241.47
243.96
245.19
246.64
249.19
257.29
261.14
263.86
265.07
266.33
267.71
271.4
274.04
275.24
276.53
277.94
280.52
283.12
286.75
287.99
289.22
290.42
291.64
292.94
295.36
296.74
298.23
301.1
304.09
308.09
309.66
310.91
312.08
312.5
313.33
313.82
314.94
318.41
319.89
320.37
323.65
325.27
328.93
330.36
330.87
334.16
335.94
341.04
349.81
353.1
