4.72
5.51
6.67
7.82
8.96
9.39
11.8
14.19
16.64
19.26
24.56
29.72
32.13
34.59
37.1
39.84
44.92
50.18
55.31
56.59
60.6
63.18
65.9
68.46
71.25
77.62
80.06
81.43
87.95
90.4
91.75
94.33
96.99
99.65
102.17
104.75
107.52
110.15
113.2
118.8
124.06
127.75
129.15
132.89
134.32
136.94
138.31
139.83
145.04
150.22
155.24
160.59
165.66
170.64
175.5
188.17
189.45
194.29
199.38
201.87
204.41
206.98
209.72
215.13
220.36
222.85
225.47
228.1
230.94
236.21
241.47
243.96
245.19
246.64
249.19
251.85
257.29
267.71
277.94
280.52
283.12
286.75
287.99
289.22
290.42
291.64
292.94
295.36
296.74
298.23
301.1
304.09
308.09
309.66
313.33
314.94
318.41
319.89
325.27
328.93
330.36
335.94
344.82
345.78
346.53
349.81
353.1
