1.96
3.01
3.88
5.69
6.67
7.62
8.61
10.13
10.55
11.54
13.07
13.61
14.6
16.6
17.1
17.66
19.1
19.6
20.12
20.63
21.69
22.23
22.73
23.8
25.39
25.99
28.41
28.94
29.92
30.82
31.33
31.85
32.79
33.27
33.77
34.23
34.7
36.94
37.65
38.16
39.74
40.32
40.89
41.45
42.43
43.42
44.45
45.51
46.52
47.24
48.95
50.26
51.3
52.43
54.46
55.38
56.62
57.24
58.13
59.99
62.77
63.69
63.95
64.27
65.48
65.78
68.99
69.24
69.57
69.87
70.15
70.45
70.76
71.63
72.22
72.5
73.37
74.23
75.21
75.56
75.89
76.29
80.2
81.11
82.87
83.7
84.71
85.6
86.95
87.42
88.48
90.37
90.88
91.27
91.76
92.17
92.67
93.13
94.02
94.49
94.91
95.36
95.87
97.86
98.88
99.35
99.82
100.86
101.99
102.49
103.03
104.08
105.15
108.59
110.55
111.0
111.5
112.01
112.5
113.0
113.49
114.47
115.11
115.66
116.59
117.76
118.77
121.56
123.47
125.76
126.22
128.13
129.14
132.95
133.71
135.53
136.28
138.92
139.9
140.82
142.53
145.27
150.82
151.85
155.27
157.0
160.65
163.19
164.07
164.93
165.8
166.03
166.68
167.19
167.68
168.63
169.63
170.42
171.49
172.47
176.7
176.95
177.68
177.92
178.6
178.73
179.0
179.71
179.87
180.56
180.71
181.64
182.39
182.65
183.41
183.68
184.45
184.7
185.48
185.74
186.47
186.71
187.45
187.74
188.45
188.68
189.44
189.69
190.37
190.64
191.63
193.67
194.72
197.67
199.68
200.43
201.34
201.59
202.33
202.58
203.29
203.51
204.27
204.58
205.31
205.54
213.31
214.31
215.36
217.37
219.18
219.32
219.96
220.55
221.0
221.24
222.45
222.97
223.06
224.78
225.63
225.94
226.38
226.56
227.21
228.45
229.38
229.69
230.32
231.63
232.22
233.98
234.14
234.71
235.32
236.0
237.2
237.66
237.82
239.61
240.74
242.49
243.12
244.06
244.33
244.78
244.93
245.49
246.37
246.71
247.18
247.52
247.71
247.94
248.63
249.13
249.45
249.61
249.81
250.47
250.96
251.12
251.73
252.2
252.35
253.43
254.03
255.44
256.08
257.44
258.16
258.72
258.89
259.52
260.11
261.39
262.51
266.23
268.02
268.17
268.78
269.32
269.48
270.04
271.9
272.59
273.01
273.58
273.74
274.94
275.55
276.15
276.33
277.44
277.63
279.63
280.95
281.65
282.35
283.02
285.12
285.33
285.55
285.77
286.44
287.04
287.67
287.9
288.12
288.34
289.02
289.75
291.08
293.08
293.74
294.42
295.07
295.53
295.73
296.08
296.4
297.08
297.78
300.36
300.45
300.56
301.99
302.21
302.45
303.21
304.53
305.35
306.07
306.67
308.26
310.48
311.18
311.91
312.59
313.13
313.31
314.06
314.89
315.43
315.59
316.28
316.63
317.56
317.76
318.53
319.3
319.95
321.92
322.11
322.76
323.49
324.18
325.58
326.1
328.21
329.57
329.65
329.73
330.27
330.35
330.99
331.07
331.15
331.71
331.8
331.88
332.37
332.6
336.21
336.86
338.1
338.79
339.43
340.1
340.76
341.08
341.4
342.12
344.1
344.77
346.14
346.73
348.1
348.68
349.02
350.02
350.37
350.68
350.97
351.21
351.9
352.54
352.87
353.21
353.93
354.81
366.06
366.84
368.43
369.28
370.83
371.72
373.71
374.64
375.5
377.18
377.99
381.38
382.69
383.09
383.51
384.82
387.31
388.65
389.13
390.06
391.78
394.36
394.83
395.25
395.55
395.92
396.32
396.67
397.13
397.9
398.33
399.31
400.13
400.98
403.28
406.58
408.84
411.13
413.77
414.67
416.22
417.04
418.6
420.22
420.95
421.71
422.45
424.09
424.82
427.97
428.55
428.85
430.59
431.39
433.25
435.83
436.67
438.3
439.19
440.13
440.91
442.9
443.84
445.21
445.56
445.95
446.41
447.24
448.02
448.84
449.69
450.57
451.8
452.85
453.86
454.81
455.8
457.56
458.43
459.97
460.73
463.26
465.9
467.68
470.06
470.91
471.63
472.55
473.36
474.2
475.08
475.9
476.81
477.78
479.65
479.93
480.48
481.42
482.25
483.06
483.89
484.68
485.55
486.41
487.17
488.0
488.83
489.68
490.54
490.94
491.37
492.12
492.53
492.84
493.62
494.32
495.19
496.0
496.74
497.15
500.06
501.81
502.75
505.82
506.82
508.1
509.34
509.8
510.28
510.56
511.11
511.56
512.89
513.89
514.79
515.15
515.45
515.75
515.99
516.24
516.49
516.82
517.15
517.43
517.75
518.0
518.28
518.52
518.77
519.06
519.35
519.64
519.98
520.25
520.47
520.74
521.04
521.35
521.66
522.1
522.39
522.85
523.16
523.78
524.09
524.39
525.03
525.68
527.65
527.92
528.44
528.74
529.33
529.65
530.83
531.11
531.36
531.65
531.98
533.73
534.55
535.17
535.46
536.35
537.26
538.09
538.73
539.05
539.57
540.01
540.5
541.58
542.12
542.66
543.25
545.77
547.9
549.93
552.02
554.06
556.08
557.63
558.14
559.66
560.46
561.85
562.86
564.17
565.0
566.64
567.44
568.17
569.03
570.63
571.58
573.27
576.24
578.76
582.9
587.43
597.53
