0.64
1.06
1.38
2.86
4.11
5.05
5.47
5.85
6.16
8.39
10.04
10.83
11.52
11.9
12.39
12.81
13.2
13.63
14.04
14.48
14.86
15.3
16.23
16.65
17.12
17.51
17.97
18.4
18.87
19.31
19.72
20.19
20.64
21.16
21.62
22.02
22.5
22.98
23.83
24.29
24.72
25.1
25.63
26.26
26.68
27.07
27.55
27.91
28.27
28.66
29.02
29.41
29.8
30.29
30.7
31.18
32.16
32.55
33.8
35.04
35.44
37.33
38.53
39.79
42.03
42.49
42.9
43.29
43.8
44.28
44.6
44.99
45.36
45.99
46.37
46.74
47.12
47.59
47.97
49.18
50.57
51.83
52.66
53.07
53.46
53.9
54.33
54.79
55.69
56.24
56.77
59.21
59.7
61.33
62.12
62.62
63.45
63.84
64.21
64.68
66.08
66.9
68.6
69.38
69.96
71.23
71.63
72.03
73.75
74.28
75.64
76.08
76.92
78.18
79.38
79.75
80.51
81.28
81.68
82.15
82.98
83.41
84.53
85.29
85.72
86.63
87.04
87.47
87.9
88.33
89.08
89.45
90.27
90.74
91.13
91.57
92.07
92.46
93.59
93.99
95.14
96.81
97.26
97.64
98.05
98.96
99.74
100.98
102.39
103.46
103.87
105.08
105.55
106.9
108.05
108.46
109.64
110.47
111.64
112.87
113.32
114.83
115.22
115.65
116.11
116.51
116.9
117.27
117.68
118.04
118.44
118.82
119.25
119.69
120.06
120.45
120.81
121.2
122.59
123.96
125.18
126.0
126.43
126.85
127.27
127.73
128.14
129.11
129.58
130.03
132.65
133.12
134.76
135.6
136.03
136.88
137.25
137.62
138.03
139.52
140.32
141.91
142.7
143.31
144.62
145.07
145.46
146.82
147.19
147.71
148.53
148.98
149.4
150.22
151.49
152.32
152.74
153.17
153.92
154.75
155.15
155.55
155.96
156.34
156.79
157.95
158.7
159.15
160.07
160.48
160.88
161.29
161.73
162.52
162.89
163.64
164.07
164.47
164.9
165.34
165.86
166.93
167.33
168.54
170.12
170.6
170.99
171.41
172.07
172.85
174.53
175.96
176.89
177.35
178.84
179.41
180.4
180.92
181.78
182.33
183.15
183.65
184.5
184.93
186.07
186.51
187.09
187.48
187.85
188.31
188.85
189.38
190.29
190.8
191.65
192.2
192.63
193.04
193.62
194.5
195.01
195.89
197.24
197.74
198.6
199.06
199.51
199.99
200.49
201.66
202.11
202.66
203.03
203.85
204.6
205.09
205.51
205.94
206.34
206.82
207.3
207.68
208.08
208.5
208.97
209.41
209.85
210.28
210.66
211.18
212.22
212.73
213.72
214.21
215.04
215.55
215.98
216.35
216.72
217.61
218.02
218.44
218.82
220.28
221.13
221.54
222.02
223.11
223.53
224.4
225.24
226.05
226.45
226.87
227.31
227.82
228.23
228.62
229.01
229.4
229.87
230.32
230.74
231.13
231.6
231.98
232.41
233.41
234.01
234.93
235.61
236.42
236.81
237.62
238.1
238.97
240.22
241.54
242.35
242.79
243.22
244.51
245.02
247.54
247.92
248.74
249.14
249.53
249.93
251.3
252.12
252.59
253.85
254.64
255.22
255.59
256.01
256.39
256.78
257.22
257.71
258.11
258.59
259.01
259.84
260.26
260.84
261.32
262.2
262.57
262.94
263.36
263.8
264.21
264.7
265.12
265.55
266.05
266.46
266.84
267.28
267.71
268.18
268.55
269.15
269.68
270.05
270.42
271.21
271.59
272.35
272.85
273.23
273.68
274.1
274.55
275.5
275.93
276.82
277.25
277.65
278.44
278.82
280.69
281.88
283.2
283.6
283.89
285.49
285.94
286.31
286.72
287.1
287.49
287.89
288.26
288.63
289.01
289.38
289.78
290.14
290.64
291.07
291.42
292.66
294.05
295.3
296.12
296.53
296.96
297.33
297.8
298.27
299.2
299.73
300.23
302.85
303.25
304.94
305.78
306.22
307.09
307.47
307.9
308.38
310.45
310.86
312.05
312.77
313.5
314.76
315.18
316.38
317.24
317.76
319.15
319.56
320.41
321.62
322.84
323.24
324.02
324.86
325.28
326.1
326.48
327.64
328.0
328.75
329.2
330.07
330.47
330.91
331.28
331.74
332.5
332.88
333.67
334.17
334.54
335.03
335.41
335.9
337.13
337.54
338.87
340.14
340.61
341.0
341.43
341.92
342.69
344.44
346.1
347.04
347.6
